0.000000000000000000e+00
6.919999999999999485e-01
6.670000000000000373e-01
6.470000000000000195e-01
5.000000000000000000e-01
7.500000000000000000e-01
0.000000000000000000e+00
5.000000000000000000e-01
7.500000000000000000e-01
0.000000000000000000e+00
7.860000000000000320e-01
5.000000000000000000e-01
4.000000000000000222e-01
1.539999999999999980e-01
5.999999999999999778e-01
4.640000000000000235e-01
3.750000000000000000e-01
6.380000000000000115e-01
7.500000000000000000e-01
6.670000000000000373e-01
0.000000000000000000e+00
5.330000000000000293e-01
6.999999999999999556e-01
0.000000000000000000e+00
7.780000000000000249e-01
0.000000000000000000e+00
6.380000000000000115e-01
4.799999999999999822e-01
4.550000000000000155e-01
0.000000000000000000e+00
0.000000000000000000e+00
0.000000000000000000e+00
0.000000000000000000e+00
0.000000000000000000e+00
0.000000000000000000e+00
5.290000000000000258e-01
6.280000000000000027e-01
6.360000000000000098e-01
5.190000000000000169e-01
6.939999999999999503e-01
8.179999999999999494e-01
6.919999999999999485e-01
4.289999999999999925e-01
6.430000000000000160e-01
0.000000000000000000e+00
5.999999999999999778e-01
6.560000000000000275e-01
8.750000000000000000e-01
2.220000000000000029e-01
6.109999999999999876e-01
6.250000000000000000e-01
6.919999999999999485e-01
7.500000000000000000e-01
0.000000000000000000e+00
0.000000000000000000e+00
5.000000000000000000e-01
7.780000000000000249e-01
4.480000000000000093e-01
6.320000000000000062e-01
7.690000000000000169e-01
5.620000000000000551e-01
7.670000000000000151e-01
5.999999999999999778e-01
1.479999999999999927e-01
0.000000000000000000e+00
7.219999999999999751e-01
0.000000000000000000e+00
6.820000000000000506e-01
5.380000000000000338e-01
6.899999999999999467e-01
7.389999999999999902e-01
7.159999999999999698e-01
7.680000000000000160e-01
4.069999999999999729e-01
6.670000000000000373e-01
7.249999999999999778e-01
4.169999999999999818e-01
7.079999999999999627e-01
5.709999999999999520e-01
2.959999999999999853e-01
5.999999999999999778e-01
6.879999999999999449e-01
0.000000000000000000e+00
5.500000000000000444e-01
7.319999999999999840e-01
6.440000000000000169e-01
6.059999999999999831e-01
0.000000000000000000e+00
2.939999999999999836e-01
3.750000000000000000e-01
4.670000000000000262e-01
5.450000000000000400e-01
0.000000000000000000e+00
7.119999999999999662e-01
0.000000000000000000e+00
0.000000000000000000e+00
8.179999999999999494e-01
0.000000000000000000e+00
7.500000000000000000e-01
5.000000000000000000e-01
6.670000000000000373e-01
5.000000000000000000e-01
6.670000000000000373e-01
5.100000000000000089e-01
4.799999999999999822e-01
7.920000000000000373e-01
0.000000000000000000e+00
2.000000000000000111e-01
6.879999999999999449e-01
7.029999999999999583e-01
6.999999999999999556e-01
0.000000000000000000e+00
5.000000000000000000e-01
6.720000000000000417e-01
6.250000000000000000e-01
6.430000000000000160e-01
5.000000000000000000e-01
6.550000000000000266e-01
5.709999999999999520e-01
0.000000000000000000e+00
1.670000000000000095e-01
6.580000000000000293e-01
4.000000000000000222e-01
5.380000000000000338e-01
0.000000000000000000e+00
5.000000000000000000e-01
4.000000000000000222e-01
5.000000000000000000e-01
0.000000000000000000e+00
7.019999999999999574e-01
0.000000000000000000e+00
7.139999999999999680e-01
6.889999999999999458e-01
5.420000000000000373e-01
6.250000000000000000e-01
5.849999999999999645e-01
5.709999999999999520e-01
0.000000000000000000e+00
7.269999999999999796e-01
4.500000000000000111e-01
7.500000000000000000e-01
5.649999999999999467e-01
6.430000000000000160e-01
3.330000000000000182e-01
8.329999999999999627e-01
7.219999999999999751e-01
6.570000000000000284e-01
5.560000000000000497e-01
6.670000000000000373e-01
4.440000000000000058e-01
7.690000000000000169e-01
6.860000000000000542e-01
5.200000000000000178e-01
5.949999999999999734e-01
4.089999999999999747e-01
0.000000000000000000e+00
0.000000000000000000e+00
4.000000000000000222e-01
7.079999999999999627e-01
8.110000000000000542e-01
6.760000000000000453e-01
6.520000000000000240e-01
0.000000000000000000e+00
6.670000000000000373e-01
6.410000000000000142e-01
0.000000000000000000e+00
2.000000000000000111e-01
6.840000000000000524e-01
4.239999999999999880e-01
2.500000000000000000e-01
5.560000000000000497e-01
6.390000000000000124e-01
6.710000000000000409e-01
0.000000000000000000e+00
5.520000000000000462e-01
6.919999999999999485e-01
0.000000000000000000e+00
5.709999999999999520e-01
4.209999999999999853e-01
8.100000000000000533e-01
3.330000000000000182e-01
4.400000000000000022e-01
6.850000000000000533e-01
6.460000000000000187e-01
7.780000000000000249e-01
4.169999999999999818e-01
0.000000000000000000e+00
5.759999999999999565e-01
0.000000000000000000e+00
7.780000000000000249e-01
7.139999999999999680e-01
3.330000000000000182e-01
6.300000000000000044e-01
5.000000000000000000e-01
0.000000000000000000e+00
5.759999999999999565e-01
0.000000000000000000e+00
3.330000000000000182e-01
2.859999999999999765e-01
5.430000000000000382e-01
5.999999999999999778e-01
7.860000000000000320e-01
6.360000000000000098e-01
5.689999999999999503e-01
6.830000000000000515e-01
3.750000000000000000e-01
4.000000000000000222e-01
6.919999999999999485e-01
5.000000000000000000e-01
7.009999999999999565e-01
5.000000000000000000e-01
8.000000000000000444e-01
8.750000000000000000e-01
7.590000000000000080e-01
7.419999999999999929e-01
0.000000000000000000e+00
3.079999999999999960e-01
0.000000000000000000e+00
0.000000000000000000e+00
7.139999999999999680e-01
7.269999999999999796e-01
5.649999999999999467e-01
6.480000000000000204e-01
7.780000000000000249e-01
0.000000000000000000e+00
9.409999999999999476e-01
8.249999999999999556e-01
2.500000000000000000e-01
5.709999999999999520e-01
6.330000000000000071e-01
7.890000000000000346e-01
9.000000000000000222e-01
4.530000000000000138e-01
4.000000000000000222e-01
7.580000000000000071e-01
7.059999999999999609e-01
7.139999999999999680e-01
4.500000000000000111e-01
7.500000000000000000e-01
5.190000000000000169e-01
5.560000000000000497e-01
8.179999999999999494e-01
1.250000000000000000e-01
0.000000000000000000e+00
5.759999999999999565e-01
5.330000000000000293e-01
0.000000000000000000e+00
8.179999999999999494e-01
4.829999999999999849e-01
8.000000000000000444e-01
8.060000000000000497e-01
6.959999999999999520e-01
0.000000000000000000e+00
6.500000000000000222e-01
3.750000000000000000e-01
1.539999999999999980e-01
7.119999999999999662e-01
5.560000000000000497e-01
6.670000000000000373e-01
4.339999999999999969e-01
0.000000000000000000e+00
0.000000000000000000e+00
5.620000000000000551e-01
2.109999999999999931e-01
6.620000000000000329e-01
6.820000000000000506e-01
4.550000000000000155e-01
6.280000000000000027e-01
0.000000000000000000e+00
0.000000000000000000e+00
5.270000000000000240e-01
7.870000000000000329e-01
4.060000000000000275e-01
2.220000000000000029e-01
6.059999999999999831e-01
5.679999999999999494e-01
5.779999999999999583e-01
3.410000000000000253e-01
4.839999999999999858e-01
7.630000000000000115e-01
5.779999999999999583e-01
6.670000000000000373e-01
5.000000000000000000e-01
0.000000000000000000e+00
8.499999999999999778e-01
2.169999999999999984e-01
6.770000000000000462e-01
6.840000000000000524e-01
5.410000000000000364e-01
7.399999999999999911e-01
0.000000000000000000e+00
7.750000000000000222e-01
7.109999999999999654e-01
7.860000000000000320e-01
5.929999999999999716e-01
6.149999999999999911e-01
0.000000000000000000e+00
6.750000000000000444e-01
0.000000000000000000e+00
6.320000000000000062e-01
6.119999999999999885e-01
5.170000000000000151e-01
7.159999999999999698e-01
6.530000000000000249e-01
5.000000000000000000e-01
4.739999999999999769e-01
5.969999999999999751e-01
0.000000000000000000e+00
7.209999999999999742e-01
3.459999999999999742e-01
8.259999999999999565e-01
1.670000000000000095e-01
8.239999999999999547e-01
2.999999999999999889e-01
0.000000000000000000e+00
7.620000000000000107e-01
3.850000000000000089e-01
6.059999999999999831e-01
7.650000000000000133e-01
7.500000000000000000e-01
0.000000000000000000e+00
7.139999999999999680e-01
5.000000000000000000e-01
6.670000000000000373e-01
6.500000000000000222e-01
4.809999999999999831e-01
6.460000000000000187e-01
5.999999999999999778e-01
0.000000000000000000e+00
7.500000000000000000e-01
6.670000000000000373e-01
5.859999999999999654e-01
7.259999999999999787e-01
0.000000000000000000e+00
3.180000000000000049e-01
7.269999999999999796e-01
7.199999999999999734e-01
6.149999999999999911e-01
4.289999999999999925e-01
9.000000000000000222e-01
8.120000000000000551e-01
5.999999999999999778e-01
6.560000000000000275e-01
5.739999999999999547e-01
7.500000000000000000e-01
0.000000000000000000e+00
0.000000000000000000e+00
3.330000000000000182e-01
6.730000000000000426e-01
1.670000000000000095e-01
0.000000000000000000e+00
6.879999999999999449e-01
8.179999999999999494e-01
5.000000000000000000e-01
0.000000000000000000e+00
6.889999999999999458e-01
0.000000000000000000e+00
6.670000000000000373e-01
0.000000000000000000e+00
8.329999999999999627e-01
2.859999999999999765e-01
2.000000000000000111e-01
8.820000000000000062e-01
6.670000000000000373e-01
6.250000000000000000e-01
6.109999999999999876e-01
6.149999999999999911e-01
5.629999999999999449e-01
5.000000000000000000e-01
5.000000000000000000e-01
4.759999999999999787e-01
6.250000000000000000e-01
4.000000000000000222e-01
0.000000000000000000e+00
7.209999999999999742e-01
7.109999999999999654e-01
7.369999999999999885e-01
6.149999999999999911e-01
6.630000000000000338e-01
0.000000000000000000e+00
4.550000000000000155e-01
0.000000000000000000e+00
6.340000000000000080e-01
5.759999999999999565e-01
6.340000000000000080e-01
1.429999999999999882e-01
6.790000000000000480e-01
4.079999999999999738e-01
3.699999999999999956e-01
5.160000000000000142e-01
5.000000000000000000e-01
5.450000000000000400e-01
4.709999999999999742e-01
8.259999999999999565e-01
6.149999999999999911e-01
0.000000000000000000e+00
7.670000000000000151e-01
6.670000000000000373e-01
5.280000000000000249e-01
4.470000000000000084e-01
0.000000000000000000e+00
4.000000000000000222e-01
6.059999999999999831e-01
7.409999999999999920e-01
6.670000000000000373e-01
0.000000000000000000e+00
1.670000000000000095e-01
8.569999999999999840e-01
3.750000000000000000e-01
6.320000000000000062e-01
5.879999999999999671e-01
7.199999999999999734e-01
6.430000000000000160e-01
8.000000000000000444e-01
5.679999999999999494e-01
8.050000000000000488e-01
6.620000000000000329e-01
4.440000000000000058e-01
5.669999999999999485e-01
6.919999999999999485e-01
7.079999999999999627e-01
0.000000000000000000e+00
7.500000000000000000e-01
0.000000000000000000e+00
7.780000000000000249e-01
5.000000000000000000e-01
4.620000000000000218e-01
7.500000000000000000e-01
8.060000000000000497e-01
7.409999999999999920e-01
7.670000000000000151e-01
8.139999999999999458e-01
8.000000000000000444e-01
5.620000000000000551e-01
8.279999999999999583e-01
4.189999999999999836e-01
6.129999999999999893e-01
6.630000000000000338e-01
5.959999999999999742e-01
5.560000000000000497e-01
6.670000000000000373e-01
0.000000000000000000e+00
0.000000000000000000e+00
6.179999999999999938e-01
7.009999999999999565e-01
7.109999999999999654e-01
0.000000000000000000e+00
4.380000000000000004e-01
5.959999999999999742e-01
5.160000000000000142e-01
7.109999999999999654e-01
7.329999999999999849e-01
6.959999999999999520e-01
6.229999999999999982e-01
8.780000000000000027e-01
6.219999999999999973e-01
2.500000000000000000e-01
5.909999999999999698e-01
6.510000000000000231e-01
0.000000000000000000e+00
4.329999999999999960e-01
5.320000000000000284e-01
6.999999999999999556e-01
5.769999999999999574e-01
6.620000000000000329e-01
0.000000000000000000e+00
0.000000000000000000e+00
4.650000000000000244e-01
6.999999999999999556e-01
6.590000000000000302e-01
7.780000000000000249e-01
2.500000000000000000e-01
3.609999999999999876e-01
6.999999999999999556e-01
0.000000000000000000e+00
4.289999999999999925e-01
1.110000000000000014e-01
0.000000000000000000e+00
5.590000000000000524e-01
5.560000000000000497e-01
5.000000000000000000e-01
3.330000000000000182e-01
3.099999999999999978e-01
6.670000000000000373e-01
6.209999999999999964e-01
6.169999999999999929e-01
5.140000000000000124e-01
6.059999999999999831e-01
6.410000000000000142e-01
2.939999999999999836e-01
0.000000000000000000e+00
4.709999999999999742e-01
6.149999999999999911e-01
4.919999999999999929e-01
6.360000000000000098e-01
6.979999999999999538e-01
6.420000000000000151e-01
5.759999999999999565e-01
7.249999999999999778e-01
6.670000000000000373e-01
6.959999999999999520e-01
6.670000000000000373e-01
7.930000000000000382e-01
5.290000000000000258e-01
7.089999999999999636e-01
6.219999999999999973e-01
7.500000000000000000e-01
6.560000000000000275e-01
7.690000000000000169e-01
5.520000000000000462e-01
5.310000000000000275e-01
6.810000000000000497e-01
0.000000000000000000e+00
5.000000000000000000e-01
7.500000000000000000e-01
6.570000000000000284e-01
6.189999999999999947e-01
6.490000000000000213e-01
5.000000000000000000e-01
3.330000000000000182e-01
2.859999999999999765e-01
0.000000000000000000e+00
6.440000000000000169e-01
6.099999999999999867e-01
0.000000000000000000e+00
6.670000000000000373e-01
0.000000000000000000e+00
2.000000000000000111e-01
0.000000000000000000e+00
2.730000000000000204e-01
5.709999999999999520e-01
6.149999999999999911e-01
5.669999999999999485e-01
6.570000000000000284e-01
7.139999999999999680e-01
5.620000000000000551e-01
7.139999999999999680e-01
0.000000000000000000e+00
0.000000000000000000e+00
7.600000000000000089e-01
7.329999999999999849e-01
6.430000000000000160e-01
5.000000000000000000e-01
7.500000000000000000e-01
6.290000000000000036e-01
5.000000000000000000e-01
7.500000000000000000e-01
5.450000000000000400e-01
0.000000000000000000e+00
7.139999999999999680e-01
5.739999999999999547e-01
3.930000000000000160e-01
5.789999999999999591e-01
6.300000000000000044e-01
7.199999999999999734e-01
0.000000000000000000e+00
8.329999999999999627e-01
2.500000000000000000e-01
0.000000000000000000e+00
7.500000000000000000e-01
5.240000000000000213e-01
4.670000000000000262e-01
6.670000000000000373e-01
1.539999999999999980e-01
5.600000000000000533e-01
0.000000000000000000e+00
6.320000000000000062e-01
2.000000000000000111e-01
5.000000000000000000e-01
0.000000000000000000e+00
2.500000000000000000e-01
8.930000000000000160e-01
8.239999999999999547e-01
6.889999999999999458e-01
8.000000000000000444e-01
3.529999999999999805e-01
6.280000000000000027e-01
6.670000000000000373e-01
2.859999999999999765e-01
5.929999999999999716e-01
5.809999999999999609e-01
3.639999999999999902e-01
5.560000000000000497e-01
6.670000000000000373e-01
0.000000000000000000e+00
7.059999999999999609e-01
2.730000000000000204e-01
4.739999999999999769e-01
4.440000000000000058e-01
8.179999999999999494e-01
0.000000000000000000e+00
6.810000000000000497e-01
2.810000000000000275e-01
5.999999999999999778e-01
7.500000000000000000e-01
2.730000000000000204e-01
5.620000000000000551e-01
6.670000000000000373e-01
6.730000000000000426e-01
4.380000000000000004e-01
3.330000000000000182e-01
8.179999999999999494e-01
5.000000000000000000e-01
2.999999999999999889e-01
3.330000000000000182e-01
8.259999999999999565e-01
4.550000000000000155e-01
2.220000000000000029e-01
6.320000000000000062e-01
6.600000000000000311e-01
0.000000000000000000e+00
0.000000000000000000e+00
6.590000000000000302e-01
2.000000000000000111e-01
2.780000000000000249e-01
6.710000000000000409e-01
6.320000000000000062e-01
0.000000000000000000e+00
7.500000000000000000e-01
6.879999999999999449e-01
3.200000000000000067e-01
5.000000000000000000e-01
7.019999999999999574e-01
3.420000000000000262e-01
3.079999999999999960e-01
6.969999999999999529e-01
6.999999999999999556e-01
0.000000000000000000e+00
0.000000000000000000e+00
5.500000000000000444e-01
8.329999999999999627e-01
0.000000000000000000e+00
7.139999999999999680e-01
6.899999999999999467e-01
6.169999999999999929e-01
5.999999999999999778e-01
7.309999999999999831e-01
5.080000000000000071e-01
5.789999999999999591e-01
8.669999999999999929e-01
7.890000000000000346e-01
7.920000000000000373e-01
8.479999999999999760e-01
0.000000000000000000e+00
6.470000000000000195e-01
1.670000000000000095e-01
5.620000000000000551e-01
7.089999999999999636e-01
5.000000000000000000e-01
0.000000000000000000e+00
6.450000000000000178e-01
6.069999999999999840e-01
0.000000000000000000e+00
0.000000000000000000e+00
4.119999999999999774e-01
6.670000000000000373e-01
6.889999999999999458e-01
6.820000000000000506e-01
7.019999999999999574e-01
0.000000000000000000e+00
7.369999999999999885e-01
5.739999999999999547e-01
6.199999999999999956e-01
6.440000000000000169e-01
3.330000000000000182e-01
5.000000000000000000e-01
6.520000000000000240e-01
5.500000000000000444e-01
0.000000000000000000e+00
6.049999999999999822e-01
5.949999999999999734e-01
5.000000000000000000e-01
4.829999999999999849e-01
1.250000000000000000e-01
6.480000000000000204e-01
8.930000000000000160e-01
4.209999999999999853e-01
6.470000000000000195e-01
3.499999999999999778e-01
5.090000000000000080e-01
5.190000000000000169e-01
5.649999999999999467e-01
5.969999999999999751e-01
8.800000000000000044e-01
7.500000000000000000e-01
5.110000000000000098e-01
6.360000000000000098e-01
0.000000000000000000e+00
6.219999999999999973e-01
1.179999999999999938e-01
2.670000000000000151e-01
5.220000000000000195e-01
7.269999999999999796e-01
7.289999999999999813e-01
5.709999999999999520e-01
0.000000000000000000e+00
0.000000000000000000e+00
7.660000000000000142e-01
6.320000000000000062e-01
8.060000000000000497e-01
6.500000000000000222e-01
8.639999999999999902e-01
0.000000000000000000e+00
8.519999999999999796e-01
4.169999999999999818e-01
7.139999999999999680e-01
0.000000000000000000e+00
7.269999999999999796e-01
6.450000000000000178e-01
6.999999999999999556e-01
6.610000000000000320e-01
4.719999999999999751e-01
2.500000000000000000e-01
5.000000000000000000e-01
7.269999999999999796e-01
5.450000000000000400e-01
5.000000000000000000e-01
6.670000000000000373e-01
7.389999999999999902e-01
3.330000000000000182e-01
3.330000000000000182e-01
6.340000000000000080e-01
0.000000000000000000e+00
5.360000000000000320e-01
0.000000000000000000e+00
7.500000000000000000e-01
3.850000000000000089e-01
6.800000000000000488e-01
6.430000000000000160e-01
2.999999999999999889e-01
6.149999999999999911e-01
6.740000000000000435e-01
6.510000000000000231e-01
7.640000000000000124e-01
5.889999999999999680e-01
6.710000000000000409e-01
6.590000000000000302e-01
8.459999999999999742e-01
1.670000000000000095e-01
0.000000000000000000e+00
6.580000000000000293e-01
6.039999999999999813e-01
6.300000000000000044e-01
6.430000000000000160e-01
1.429999999999999882e-01
4.440000000000000058e-01
3.079999999999999960e-01
5.430000000000000382e-01
0.000000000000000000e+00
7.780000000000000249e-01
6.049999999999999822e-01
3.330000000000000182e-01
3.790000000000000036e-01
4.800000000000000100e-02
5.000000000000000000e-01
0.000000000000000000e+00
7.449999999999999956e-01
8.459999999999999742e-01
0.000000000000000000e+00
0.000000000000000000e+00
1.670000000000000095e-01
4.229999999999999871e-01
6.840000000000000524e-01
7.409999999999999920e-01
7.690000000000000169e-01
6.570000000000000284e-01
5.450000000000000400e-01
0.000000000000000000e+00
8.080000000000000515e-01
0.000000000000000000e+00
8.300000000000000433e-02
7.029999999999999583e-01
7.500000000000000000e-01
8.860000000000000098e-01
5.879999999999999671e-01
8.000000000000000444e-01
8.000000000000000444e-01
4.440000000000000058e-01
2.190000000000000002e-01
5.430000000000000382e-01
1.539999999999999980e-01
6.750000000000000444e-01
7.920000000000000373e-01
7.610000000000000098e-01
6.119999999999999885e-01
6.670000000000000373e-01
6.470000000000000195e-01
6.470000000000000195e-01
0.000000000000000000e+00
6.250000000000000000e-01
0.000000000000000000e+00
0.000000000000000000e+00
7.500000000000000000e-01
5.000000000000000000e-01
6.670000000000000373e-01
5.809999999999999609e-01
6.790000000000000480e-01
8.329999999999999627e-01
6.730000000000000426e-01
6.250000000000000000e-01
6.480000000000000204e-01
7.690000000000000169e-01
7.800000000000000266e-01
4.040000000000000258e-01
8.000000000000000444e-01
7.860000000000000320e-01
8.389999999999999680e-01
7.680000000000000160e-01
6.889999999999999458e-01
7.189999999999999725e-01
5.000000000000000000e-01
5.819999999999999618e-01
3.330000000000000182e-01
0.000000000000000000e+00
5.999999999999999778e-01
7.269999999999999796e-01
5.470000000000000417e-01
5.090000000000000080e-01
6.530000000000000249e-01
6.320000000000000062e-01
7.459999999999999964e-01
6.919999999999999485e-01
8.120000000000000551e-01
6.470000000000000195e-01
6.320000000000000062e-01
7.620000000000000107e-01
3.330000000000000182e-01
2.000000000000000111e-01
0.000000000000000000e+00
6.959999999999999520e-01
0.000000000000000000e+00
2.000000000000000111e-01
6.889999999999999458e-01
6.360000000000000098e-01
0.000000000000000000e+00
2.220000000000000029e-01
6.879999999999999449e-01
0.000000000000000000e+00
6.670000000000000373e-01
4.289999999999999925e-01
8.399999999999999689e-01
5.620000000000000551e-01
0.000000000000000000e+00
6.999999999999999556e-01
6.250000000000000000e-01
4.119999999999999774e-01
1.670000000000000095e-01
7.139999999999999680e-01
0.000000000000000000e+00
6.750000000000000444e-01
4.000000000000000222e-01
5.000000000000000000e-01
0.000000000000000000e+00
5.689999999999999503e-01
5.290000000000000258e-01
0.000000000000000000e+00
7.119999999999999662e-01
2.139999999999999958e-01
5.140000000000000124e-01
6.760000000000000453e-01
5.709999999999999520e-01
5.739999999999999547e-01
3.750000000000000000e-01
8.100000000000000533e-01
6.209999999999999964e-01
4.440000000000000058e-01
7.329999999999999849e-01
5.629999999999999449e-01
6.590000000000000302e-01
5.380000000000000338e-01
4.249999999999999889e-01
6.199999999999999956e-01
5.080000000000000071e-01
0.000000000000000000e+00
5.709999999999999520e-01
7.670000000000000151e-01
5.000000000000000000e-01
4.689999999999999725e-01
5.400000000000000355e-01
5.400000000000000355e-01
6.209999999999999964e-01
7.309999999999999831e-01
7.500000000000000000e-01
6.109999999999999876e-01
0.000000000000000000e+00
6.670000000000000373e-01
5.909999999999999698e-01
7.780000000000000249e-01
5.709999999999999520e-01
6.879999999999999449e-01
6.219999999999999973e-01
6.919999999999999485e-01
0.000000000000000000e+00
5.739999999999999547e-01
5.929999999999999716e-01
6.590000000000000302e-01
7.309999999999999831e-01
8.369999999999999662e-01
6.470000000000000195e-01
0.000000000000000000e+00
6.580000000000000293e-01
5.679999999999999494e-01
7.419999999999999929e-01
8.499999999999999778e-01
8.259999999999999565e-01
8.040000000000000480e-01
0.000000000000000000e+00
7.259999999999999787e-01
8.000000000000000444e-01
0.000000000000000000e+00
8.679999999999999938e-01
7.820000000000000284e-01
8.409999999999999698e-01
7.500000000000000000e-01
8.179999999999999494e-01
0.000000000000000000e+00
5.999999999999999778e-01
8.090000000000000524e-01
7.520000000000000018e-01
6.850000000000000533e-01
4.640000000000000235e-01
7.840000000000000302e-01
7.159999999999999698e-01
8.459999999999999742e-01
7.820000000000000284e-01
8.000000000000000444e-01
6.840000000000000524e-01
6.919999999999999485e-01
7.369999999999999885e-01
0.000000000000000000e+00
5.260000000000000231e-01
7.500000000000000000e-01
7.930000000000000382e-01
6.049999999999999822e-01
5.000000000000000000e-01
6.959999999999999520e-01
7.139999999999999680e-01
0.000000000000000000e+00
6.820000000000000506e-01
4.739999999999999769e-01
8.569999999999999840e-01
6.360000000000000098e-01
6.939999999999999503e-01
7.009999999999999565e-01
4.640000000000000235e-01
6.730000000000000426e-01
6.570000000000000284e-01
6.570000000000000284e-01
2.500000000000000000e-01
8.239999999999999547e-01
7.780000000000000249e-01
6.959999999999999520e-01
4.689999999999999725e-01
5.000000000000000000e-01
6.670000000000000373e-01
7.079999999999999627e-01
7.760000000000000231e-01
7.930000000000000382e-01
8.309999999999999609e-01
7.449999999999999956e-01
7.970000000000000417e-01
7.459999999999999964e-01
7.580000000000000071e-01
5.709999999999999520e-01
6.770000000000000462e-01
8.110000000000000542e-01
7.159999999999999698e-01
8.020000000000000462e-01
7.860000000000000320e-01
7.880000000000000338e-01
3.750000000000000000e-01
6.750000000000000444e-01
0.000000000000000000e+00
6.889999999999999458e-01
4.000000000000000222e-01
7.500000000000000000e-01
6.929999999999999494e-01
3.930000000000000160e-01
9.409999999999999476e-01
5.620000000000000551e-01
6.340000000000000080e-01
7.399999999999999911e-01
5.829999999999999627e-01
7.790000000000000258e-01
6.810000000000000497e-01
7.740000000000000213e-01
4.680000000000000271e-01
7.730000000000000204e-01
7.329999999999999849e-01
6.670000000000000373e-01
7.550000000000000044e-01
4.440000000000000058e-01
6.670000000000000373e-01
7.439999999999999947e-01
7.139999999999999680e-01
8.199999999999999512e-01
7.139999999999999680e-01
3.330000000000000182e-01
5.669999999999999485e-01
8.469999999999999751e-01
6.550000000000000266e-01
7.029999999999999583e-01
7.500000000000000000e-01
4.719999999999999751e-01
9.170000000000000373e-01
5.999999999999999778e-01
7.500000000000000000e-01
6.460000000000000187e-01
7.209999999999999742e-01
8.669999999999999929e-01
8.040000000000000480e-01
7.439999999999999947e-01
5.380000000000000338e-01
6.490000000000000213e-01
0.000000000000000000e+00
6.109999999999999876e-01
6.530000000000000249e-01
7.940000000000000391e-01
0.000000000000000000e+00
5.000000000000000000e-01
3.330000000000000182e-01
4.289999999999999925e-01
7.630000000000000115e-01
7.710000000000000187e-01
7.500000000000000000e-01
8.060000000000000497e-01
6.350000000000000089e-01
5.919999999999999707e-01
7.580000000000000071e-01
4.919999999999999929e-01
3.639999999999999902e-01
6.760000000000000453e-01
6.069999999999999840e-01
6.879999999999999449e-01
7.550000000000000044e-01
7.199999999999999734e-01
7.109999999999999654e-01
7.780000000000000249e-01
7.459999999999999964e-01
7.269999999999999796e-01
6.540000000000000258e-01
7.099999999999999645e-01
7.920000000000000373e-01
6.889999999999999458e-01
6.360000000000000098e-01
7.590000000000000080e-01
4.000000000000000222e-01
5.659999999999999476e-01
6.670000000000000373e-01
6.620000000000000329e-01
5.610000000000000542e-01
7.840000000000000302e-01
5.290000000000000258e-01
6.670000000000000373e-01
7.429999999999999938e-01
5.620000000000000551e-01
0.000000000000000000e+00
5.829999999999999627e-01
7.319999999999999840e-01
6.780000000000000471e-01
8.159999999999999476e-01
6.670000000000000373e-01
3.330000000000000182e-01
8.890000000000000124e-01
8.179999999999999494e-01
8.000000000000000444e-01
7.540000000000000036e-01
3.750000000000000000e-01
1.819999999999999951e-01
6.149999999999999911e-01
5.000000000000000000e-01
7.349999999999999867e-01
7.059999999999999609e-01
6.350000000000000089e-01
7.890000000000000346e-01
5.440000000000000391e-01
5.000000000000000000e-01
7.369999999999999885e-01
6.219999999999999973e-01
7.630000000000000115e-01
8.040000000000000480e-01
5.130000000000000115e-01
5.000000000000000000e-01
6.470000000000000195e-01
6.500000000000000222e-01
0.000000000000000000e+00
7.860000000000000320e-01
8.519999999999999796e-01
7.690000000000000169e-01
7.329999999999999849e-01
4.440000000000000058e-01
5.560000000000000497e-01
5.749999999999999556e-01
8.389999999999999680e-01
6.480000000000000204e-01
4.289999999999999925e-01
7.059999999999999609e-01
6.550000000000000266e-01
8.000000000000000444e-01
4.229999999999999871e-01
7.620000000000000107e-01
4.739999999999999769e-01
5.709999999999999520e-01
5.999999999999999778e-01
5.380000000000000338e-01
8.329999999999999627e-01
6.919999999999999485e-01
6.820000000000000506e-01
7.570000000000000062e-01
7.610000000000000098e-01
6.700000000000000400e-01
0.000000000000000000e+00
7.830000000000000293e-01
6.939999999999999503e-01
5.769999999999999574e-01
6.919999999999999485e-01
6.670000000000000373e-01
7.950000000000000400e-01
7.219999999999999751e-01
5.380000000000000338e-01
0.000000000000000000e+00
7.580000000000000071e-01
2.000000000000000111e-01
7.500000000000000000e-01
6.820000000000000506e-01
5.709999999999999520e-01
3.750000000000000000e-01
6.490000000000000213e-01
5.829999999999999627e-01
6.760000000000000453e-01
5.620000000000000551e-01
7.620000000000000107e-01
7.730000000000000204e-01
6.440000000000000169e-01
5.450000000000000400e-01
6.820000000000000506e-01
5.450000000000000400e-01
6.790000000000000480e-01
6.740000000000000435e-01
6.590000000000000302e-01
7.129999999999999671e-01
7.109999999999999654e-01
7.950000000000000400e-01
7.640000000000000124e-01
6.889999999999999458e-01
6.720000000000000417e-01
7.409999999999999920e-01
2.000000000000000111e-01
6.250000000000000000e-01
7.800000000000000266e-01
5.000000000000000000e-01
7.690000000000000169e-01
0.000000000000000000e+00
6.380000000000000115e-01
8.110000000000000542e-01
7.550000000000000044e-01
7.890000000000000346e-01
8.329999999999999627e-01
5.330000000000000293e-01
7.249999999999999778e-01
5.809999999999999609e-01
7.800000000000000266e-01
5.140000000000000124e-01
5.849999999999999645e-01
5.969999999999999751e-01
5.859999999999999654e-01
7.139999999999999680e-01
5.380000000000000338e-01
6.670000000000000373e-01
5.610000000000000542e-01
5.000000000000000000e-01
7.650000000000000133e-01
6.590000000000000302e-01
7.309999999999999831e-01
5.999999999999999778e-01
8.639999999999999902e-01
7.119999999999999662e-01
6.909999999999999476e-01
7.259999999999999787e-01
6.790000000000000480e-01
7.059999999999999609e-01
4.909999999999999920e-01
5.999999999999999778e-01
7.389999999999999902e-01
6.730000000000000426e-01
7.309999999999999831e-01
7.449999999999999956e-01
6.800000000000000488e-01
8.060000000000000497e-01
8.209999999999999520e-01
5.649999999999999467e-01
7.169999999999999707e-01
6.600000000000000311e-01
7.540000000000000036e-01
8.369999999999999662e-01
7.429999999999999938e-01
0.000000000000000000e+00
8.369999999999999662e-01
4.289999999999999925e-01
7.349999999999999867e-01
5.999999999999999778e-01
0.000000000000000000e+00
6.979999999999999538e-01
8.000000000000000444e-01
8.569999999999999840e-01
3.750000000000000000e-01
5.999999999999999778e-01
6.500000000000000222e-01
7.219999999999999751e-01
5.500000000000000444e-01
8.000000000000000444e-01
7.139999999999999680e-01
6.670000000000000373e-01
6.840000000000000524e-01
8.159999999999999476e-01
7.219999999999999751e-01
6.320000000000000062e-01
5.520000000000000462e-01
7.920000000000000373e-01
0.000000000000000000e+00
6.179999999999999938e-01
5.969999999999999751e-01
8.129999999999999449e-01
0.000000000000000000e+00
8.750000000000000000e-01
5.620000000000000551e-01
6.219999999999999973e-01
8.110000000000000542e-01
6.959999999999999520e-01
7.319999999999999840e-01
6.250000000000000000e-01
5.879999999999999671e-01
5.999999999999999778e-01
7.419999999999999929e-01
8.289999999999999591e-01
7.780000000000000249e-01
8.050000000000000488e-01
6.540000000000000258e-01
7.179999999999999716e-01
7.750000000000000222e-01
7.750000000000000222e-01
6.670000000000000373e-01
7.139999999999999680e-01
6.189999999999999947e-01
7.640000000000000124e-01
5.639999999999999458e-01
1.429999999999999882e-01
7.950000000000000400e-01
5.709999999999999520e-01
9.260000000000000453e-01
8.070000000000000506e-01
7.750000000000000222e-01
5.939999999999999725e-01
6.889999999999999458e-01
6.390000000000000124e-01
7.500000000000000000e-01
0.000000000000000000e+00
3.330000000000000182e-01
8.199999999999999512e-01
6.129999999999999893e-01
6.320000000000000062e-01
8.000000000000000444e-01
8.459999999999999742e-01
0.000000000000000000e+00
6.720000000000000417e-01
7.459999999999999964e-01
6.059999999999999831e-01
8.179999999999999494e-01
6.099999999999999867e-01
6.149999999999999911e-01
5.949999999999999734e-01
3.679999999999999938e-01
8.189999999999999503e-01
7.219999999999999751e-01
8.209999999999999520e-01
7.299999999999999822e-01
7.279999999999999805e-01
5.999999999999999778e-01
6.840000000000000524e-01
6.919999999999999485e-01
8.409999999999999698e-01
7.500000000000000000e-01
5.560000000000000497e-01
8.120000000000000551e-01
8.100000000000000533e-01
3.589999999999999858e-01
7.359999999999999876e-01
7.389999999999999902e-01
8.259999999999999565e-01
7.640000000000000124e-01
7.329999999999999849e-01
1.539999999999999980e-01
7.790000000000000258e-01
7.029999999999999583e-01
6.620000000000000329e-01
2.500000000000000000e-01
7.309999999999999831e-01
7.309999999999999831e-01
2.500000000000000000e-01
6.510000000000000231e-01
4.289999999999999925e-01
6.350000000000000089e-01
6.780000000000000471e-01
7.479999999999999982e-01
5.909999999999999698e-01
0.000000000000000000e+00
5.450000000000000400e-01
6.670000000000000373e-01
7.419999999999999929e-01
6.520000000000000240e-01
5.909999999999999698e-01
7.199999999999999734e-01
7.349999999999999867e-01
7.540000000000000036e-01
7.209999999999999742e-01
7.429999999999999938e-01
7.660000000000000142e-01
7.500000000000000000e-01
7.059999999999999609e-01
8.149999999999999467e-01
7.690000000000000169e-01
8.489999999999999769e-01
6.670000000000000373e-01
8.279999999999999583e-01
5.500000000000000444e-01
5.999999999999999778e-01
7.750000000000000222e-01
5.639999999999999458e-01
8.070000000000000506e-01
4.859999999999999876e-01
6.790000000000000480e-01
7.319999999999999840e-01
7.449999999999999956e-01
6.700000000000000400e-01
4.919999999999999929e-01
7.349999999999999867e-01
7.469999999999999973e-01
6.109999999999999876e-01
1.110000000000000014e-01
2.000000000000000111e-01
4.440000000000000058e-01
7.079999999999999627e-01
5.000000000000000000e-01
7.500000000000000000e-01
5.450000000000000400e-01
8.419999999999999707e-01
5.789999999999999591e-01
8.179999999999999494e-01
5.649999999999999467e-01
5.819999999999999618e-01
6.600000000000000311e-01
6.840000000000000524e-01
6.750000000000000444e-01
4.709999999999999742e-01
9.090000000000000302e-01
6.560000000000000275e-01
6.889999999999999458e-01
5.709999999999999520e-01
5.969999999999999751e-01
7.710000000000000187e-01
5.470000000000000417e-01
5.859999999999999654e-01
6.620000000000000329e-01
8.120000000000000551e-01
6.999999999999999556e-01
6.580000000000000293e-01
7.069999999999999618e-01
7.109999999999999654e-01
7.339999999999999858e-01
6.570000000000000284e-01
7.750000000000000222e-01
5.679999999999999494e-01
7.670000000000000151e-01
7.910000000000000364e-01
7.369999999999999885e-01
5.789999999999999591e-01
6.939999999999999503e-01
3.330000000000000182e-01
5.620000000000000551e-01
7.319999999999999840e-01
6.670000000000000373e-01
7.840000000000000302e-01
5.669999999999999485e-01
7.219999999999999751e-01
0.000000000000000000e+00
8.159999999999999476e-01
7.299999999999999822e-01
1.539999999999999980e-01
6.029999999999999805e-01
7.790000000000000258e-01
7.349999999999999867e-01
0.000000000000000000e+00
5.000000000000000000e-01
5.000000000000000000e-01
7.069999999999999618e-01
7.139999999999999680e-01
6.670000000000000373e-01
6.270000000000000018e-01
7.830000000000000293e-01
6.590000000000000302e-01
7.500000000000000000e-01
1.670000000000000095e-01
5.190000000000000169e-01
7.439999999999999947e-01
7.299999999999999822e-01
0.000000000000000000e+00
7.620000000000000107e-01
6.630000000000000338e-01
7.620000000000000107e-01
7.600000000000000089e-01
6.480000000000000204e-01
2.500000000000000000e-01
7.139999999999999680e-01
7.670000000000000151e-01
7.500000000000000000e-01
5.649999999999999467e-01
7.259999999999999787e-01
5.999999999999999778e-01
6.820000000000000506e-01
7.600000000000000089e-01
5.829999999999999627e-01
7.530000000000000027e-01
0.000000000000000000e+00
5.739999999999999547e-01
6.919999999999999485e-01
7.920000000000000373e-01
6.810000000000000497e-01
6.939999999999999503e-01
8.469999999999999751e-01
7.500000000000000000e-01
5.749999999999999556e-01
5.580000000000000515e-01
7.389999999999999902e-01
6.510000000000000231e-01
3.079999999999999960e-01
7.199999999999999734e-01
6.939999999999999503e-01
0.000000000000000000e+00
8.890000000000000124e-01
6.760000000000000453e-01
4.000000000000000222e-01
7.259999999999999787e-01
6.850000000000000533e-01
5.759999999999999565e-01
6.780000000000000471e-01
5.310000000000000275e-01
6.460000000000000187e-01
6.500000000000000222e-01
5.709999999999999520e-01
7.019999999999999574e-01
7.500000000000000000e-01
6.500000000000000222e-01
4.829999999999999849e-01
8.110000000000000542e-01
6.580000000000000293e-01
8.169999999999999485e-01
6.740000000000000435e-01
3.330000000000000182e-01
7.650000000000000133e-01
5.999999999999999778e-01
6.430000000000000160e-01
6.430000000000000160e-01
4.660000000000000253e-01
6.109999999999999876e-01
8.000000000000000444e-01
7.620000000000000107e-01
7.219999999999999751e-01
7.740000000000000213e-01
7.500000000000000000e-01
7.189999999999999725e-01
2.379999999999999893e-01
5.000000000000000000e-01
6.300000000000000044e-01
1.300000000000000044e-01
6.760000000000000453e-01
1.670000000000000095e-01
6.219999999999999973e-01
7.880000000000000338e-01
4.759999999999999787e-01
7.329999999999999849e-01
5.999999999999999778e-01
7.700000000000000178e-01
7.139999999999999680e-01
6.280000000000000027e-01
6.999999999999999556e-01
6.600000000000000311e-01
7.329999999999999849e-01
7.189999999999999725e-01
7.269999999999999796e-01
6.879999999999999449e-01
5.919999999999999707e-01
6.560000000000000275e-01
7.610000000000000098e-01
8.149999999999999467e-01
6.670000000000000373e-01
7.229999999999999760e-01
